21.28 229.167
131.51 179.42
208.5 235.160
207.192 182.236
96.247 82.232
146.73 220.233
150.86 174.189
55.216 200.9
144.11 78.211
188.9 208.30
87.47 190.213
125.24 41.231
191.46 96.196
63.162 197.204
229.251 155.171
212.91 254.252
8.30 141.178
255.125 146.96
116.105 255.229
146.62 244.251
127.203 228.54
179.35 167.14
136.194 27.84
115.123 117.164
188.173 242.226
136.193 27.87
63.89 11.29
39.7 128.170
124.231 212.76
9.194 41.110
186.169 29.140
49.153 68.236
11.48 90.228
198.168 225.158
142.10 91.166
85.254 77.135
120.126 198.78
139.157 208.142
73.116 3.31
118.232 67.127
46.152 9.10842.95 151.249
67.55 83.114
206.90 170.101
102.89 87.62
9.94 1.122
72.218 34.46
158.143 127.135
37.64 223.63
205.112 134.176
208.3 235.163
64.123 44.234
69.141 46.128
72.230 102.83
42.95 151.249
67.55 83.114
206.90 170.101
102.89 87.6272.217 34.44
119.145 190.42
244.196 8.182
221.112 186.89
100.230 159.71
238.117 215.212
63.183 238.164
32.41 237.214
18.117 168.91
149.103 26.200
20.177 82.107
138.124 230.45
184.50 223.116
63.12 238.72
147.44 34.219
55.215 200.12
171.72 73.32
255.134 158.206
11.46 90.229
141.82 216.99
96.23 221.227
152.23 130.252
76.108 45.98
116.128 93.126
25.231 71.158
92.205 6.71
10.92 194.29
152.23 130.252
212.90 254.252
96.85 196.117
208.250 9.251
20.204 106.0
17.204 37.139
10.106 29.199
42.95 151.249
67.55 83.114
78.152 91.249
92.234 10.65
66.165 116.127
25.79 125.155
17.204 37.139
10.106 29.199
42.95 151.249
67.55 83.114