1 78.152 13 91.249 14
2 92.234 12 10.65 9
3 159.134 8 236.157 13
4 149.107 9 227.205 13
5 66.165 8 116.127 10
6 25.79 15 125.155 14
7 215.50 9 87.217 12
8 135.58 12 107.156 9
9 18.227 11 163.94 12
10 79.66 13 17.241 13
11 125.119 9 112.170 10
12 197.49 9 56.164 8
13 254.33 12 13.141 13
14 63.9 8 238.72 9
15 40.248 14 22.193 10
16 248.181 13 220.142 12
17 201.82 14 210.64 13
18 96.126 9 100.109 8
19 111.253 14 188.131 14
20 208.100 9 130.187 13
21 206.106 8 51.45 9
22 8.196 12 121.32 11
23 43.209 8 140.161 9
24 43.240 14 78.51 9
25 188.60 14 1.57 8
26 17.204 12 37.139 14
27 87.211 16 169.99 16
28 10.106 12 29.199 9
29 42.95 13 151.249 10
30 67.55 12 83.114 14
31 18.101 11 186.87 14
32 151.78 8 122.226 13
33 242.56 8 20.17 16
34 227.106 10 95.29 9
35 26.185 9 237.169 13
36 242.43 14 96.157 12
37 30.10 14 55.59 9
38 22.137 11 211.138 10
39 153.200 8 107.83 11
40 126.97 13 232.63 11
41 245.183 15 97.183 10
42 68.72 8 151.224 13
43 39.229 14 35.238 15
44 167.237 10 190.180 8
45 7.22 8 26.153 12
46 26.243 12 76.22 9
47 127.251 12 243.189 16
48 206.90 15 170.101 11
49 102.89 13 87.62 9
50 178.249 14 199.188 16
51 123.50 16 212.51 15
52 90.200 10 8.184 13
53 49.153 13 68.236 14
54 140.170 15 121.219 15
55 10.85 8 47.49 10
56 239.219 9 133.173 16
57 252.160 12 2.206 12
58 224.117 10 220.131 9
59 172.72 13 142.185 15
60 180.151 15 244.186 13
61 222.99 10 189.63 12
62 209.178 14 242.77 10
63 50.126 13 91.168 9
64 198.105 11 121.156 13
65 88.167 15 126.255 10
66 57.213 13 108.175 15
67 88.95 13 99.49 11
68 18.114 13 168.91 15
69 219.200 13 31.165 11
70 50.216 15 60.5 12
71 131.218 12 57.155 9
72 255.202 11 17.108 13
73 251.64 9 179.63 9
74 37.221 14 124.35 8
75 41.186 14 239.233 15
76 75.89 9 73.166 8
77 53.143 12 244.91 13
78 216.122 13 122.196 15
79 103.29 14 236.237 16
80 147.41 10 34.219 12
81 233.10 12 209.131 11
82 71.214 11 218.96 13
83 102.130 12 25.145 15
84 208.4 15 61.83 12
85 120.124 8 198.77 13
86 165.167 9 62.249 13
87 226.3 14 64.209 14
88 193.96 14 22.106 14
89 1.244 8 112.174 14
90 157.95 10 49.103 11
91 54.59 12 171.73 14
92 92.202 9 6.69 15
93 103.187 16 176.165 11
94 71.20 10 143.107 9
95 16.200 16 101.139 10
96 45.26 11 127.132 11
97 12.45 16 50.109 12
98 139.157 8 208.139 13
99 181.75 9 74.127 8
100 176.250 12 173.113 16
101 255.174 9 138.230 11
102 43.117 9 127.18 13
103 36.45 8 189.83 10
104 204.70 11 80.92 15
105 51.214 9 145.14 15
106 115.121 11 117.162 9
107 64.159 12 181.67 12
108 114.178 11 59.225 16
109 222.48 11 46.188 9
110 12.179 15 34.250 12
111 5.142 16 253.130 16
112 213.174 9 218.114 11
113 21.209 10 237.179 14
114 54.174 9 231.250 13
115 81.136 12 89.154 9
116 247.21 10 147.43 10
117 163.165 15 157.59 8
118 244.63 8 208.31 13
119 156.161 10 186.98 13
120 170.232 11 54.169 9
121 31.128 8 250.252 10
122 164.191 13 229.254 10
123 127.119 12 211.187 10
124 143.128 13 243.153 15
125 51.70 9 13.44 9
126 75.67 8 150.186 12
127 91.187 14 44.10 16
128 129.84 16 129.5 10
129 60.113 13 231.192 13
130 158.26 13 103.218 9
131 235.248 10 36.202 16
132 5.68 12 153.102 9
133 6.182 12 249.111 9
134 138.182 12 219.70 14
135 127.113 14 117.141 9
136 69.176 14 26.212 12
137 171.16 9 43.146 14
138 12.84 9 199.224 12
139 132.247 11 101.109 10
140 206.211 8 166.176 10
141 93.114 8 163.29 15
142 91.138 14 58.128 12
143 107.86 14 198.209 12
144 45.91 8 202.103 15
145 139.204 13 106.170 14
146 196.157 11 150.86 14
147 208.59 14 140.129 15
148 127.49 9 174.98 8
149 218.126 10 128.185 10
150 78.248 12 216.7 10
151 217.3 14 189.184 11
152 41.243 10 33.213 16
153 173.133 14 212.176 12
154 43.196 12 59.156 16
155 36.148 13 203.127 13
156 173.199 9 229.12 13
157 149.108 15 136.57 9
158 241.239 14 99.211 8
159 25.228 10 71.155 9
160 174.191 8 249.170 13
161 63.161 13 197.201 13
162 74.59 9 252.83 9
163 168.216 9 1.93 9
164 62.152 12 178.27 9
165 193.182 9 237.4 9
166 43.199 15 94.20 13
167 153.248 13 17.226 9
168 209.126 8 203.202 8
169 176.107 14 61.216 12
170 28.234 10 8.110 15
171 185.248 9 135.196 13
172 22.159 9 48.31 11
173 170.154 9 200.139 8
174 77.98 11 188.94 14
175 22.8 8 169.35 16
176 100.77 16 3.208 11
177 130.175 11 161.45 8
178 154.176 11 206.220 15
179 117.107 8 237.162 9
180 161.146 16 135.52 16
181 116.254 8 132.32 14
182 74.205 14 220.203 12
183 183.183 15 88.110 9
184 252.92 12 198.240 12
185 42.56 9 168.102 12
186 75.182 15 5.166 9
187 10.60 16 114.80 16
188 27.119 14 61.130 9
189 156.202 8 35.204 11
190 124.203 14 98.249 9
191 159.255 14 11.10 11
192 1.129 12 181.206 15
193 236.116 8 135.4 11
194 54.214 14 212.44 9
195 179.191 9 190.89 9
196 149.101 14 26.197 15
197 251.32 16 103.241 14
198 87.20 9 147.186 16
199 123.164 11 108.255 13
200 37.217 9 21.90 8
201 191.185 12 255.81 15
202 97.11 10 148.160 8
203 107.124 12 41.151 9
204 208.211 16 144.244 16
205 141.80 8 216.96 14
206 85.95 12 12.142 8
207 147.139 10 170.20 11
208 102.149 10 203.94 10
209 26.129 13 73.127 8
210 170.27 15 228.7 12
211 248.39 15 52.28 11
212 80.193 8 252.188 14
213 228.36 16 144.202 11
214 28.69 14 133.231 10
215 218.184 9 167.100 16
216 200.64 14 31.16 10
217 219.63 13 79.159 16
218 65.247 15 140.136 8
219 104.168 9 1.252 10
220 182.93 14 111.168 16
221 207.108 16 7.110 11
222 17.130 8 115.132 16
223 231.79 10 90.181 16
224 20.177 16 225.194 14
225 60.227 13 243.6 12
226 223.90 9 63.46 14
227 124.164 16 160.114 14
228 182.202 12 182.159 16
229 113.32 10 176.29 12
230 76.137 12 72.97 10
231 9.152 15 74.241 13
232 10.204 16 0.225 14
233 124.239 10 159.136 11
234 21.25 13 229.165 16
235 56.223 8 178.11 11
236 170.158 15 248.199 9
237 147.153 11 17.55 15
238 3.193 13 204.205 8
239 18.113 15 157.165 15
240 39.176 15 22.145 9
241 98.149 10 209.72 11
242 116.105 16 255.229 15
243 68.84 10 51.69 8
244 59.225 12 126.96 11
245 171.72 11 73.29 12
246 230.96 9 24.103 16
247 161.129 8 95.103 8
248 157.212 9 150.213 14
249 12.220 10 22.62 13
250 249.147 14 209.148 9
251 174.153 10 80.38 8
252 172.176 10 232.206 8
253 106.92 8 33.175 9
254 178.20 11 131.250 15
255 11.226 14 177.64 8
256 65.62 12 83.109 14
257 37.42 9 186.188 16
258 13.154 13 78.249 8
259 241.21 13 72.2 15
260 104.221 8 155.247 14
261 88.5 13 76.111 11
262 151.195 14 160.185 15
263 217.69 9 248.152 11
264 88.232 8 103.237 14
265 208.77 9 15.205 12
266 223.219 14 245.138 15
267 42.235 10 198.25 16
268 93.140 8 10.114 10
269 169.174 14 181.216 15
270 191.196 12 71.96 16
271 58.204 10 53.231 9
272 231.25 11 79.234 10
273 255.162 8 47.243 13
274 228.0 13 200.181 15
275 192.162 10 50.26 13
276 236.245 11 69.93 13
277 96.85 9 196.116 11
278 107.48 12 121.29 8
279 4.192 8 175.38 8
280 184.233 10 207.230 16
281 45.154 16 187.109 8
282 1.144 15 135.102 14
283 69.127 11 172.145 8
284 21.197 15 72.1 16
285 116.126 8 93.124 14
286 227.51 16 17.189 16
287 176.44 16 100.71 15
288 187.34 12 160.172 12
289 139.70 8 64.131 16
290 42.122 13 45.27 15
291 40.187 11 61.244 13
292 172.119 11 217.159 9
293 92.142 8 72.79 16
294 95.154 12 140.245 8
295 160.37 16 251.38 10
296 106.167 16 22.66 13
297 184.57 10 98.24 14
298 184.145 16 108.8 12
299 109.104 8 145.124 16
300 110.34 15 91.140 12
301 54.249 10 148.197 9
302 166.135 9 69.195 16
303 80.9 12 218.231 12
304 46.152 8 9.107 8
305 37.39 8 165.141 8
306 206.185 11 218.224 10
307 38.94 11 195.81 14
308 186.115 15 152.88 15
309 182.119 15 56.70 12
310 190.152 16 5.62 15
311 219.40 9 155.116 14
312 253.162 11 24.237 15
313 98.191 15 125.56 13
314 72.74 16 128.208 13
315 18.227 9 93.93 15
316 188.172 11 242.224 8
317 88.225 12 75.165 14
318 175.84 14 147.189 9
319 158.36 14 27.138 13
320 140.167 9 70.116 13
321 206.210 12 49.82 12
322 241.18 10 82.62 14
323 47.129 11 173.86 16
324 201.206 12 49.43 8
325 125.176 12 182.14 11
326 251.224 9 82.127 13
327 219.180 8 221.94 10
328 242.94 12 166.216 13
329 48.141 8 77.193 9
330 187.152 8 132.228 15
331 178.216 12 81.16 12
332 194.14 9 59.195 11
333 56.249 15 219.188 12
334 228.211 8 215.142 10
335 245.182 15 174.181 15
336 217.222 12 101.231 12
337 10.141 15 225.175 8
338 73.113 8 3.31 11
339 64.57 11 219.44 12
340 171.160 12 247.150 12
341 186.70 11 13.136 14
342 196.64 8 185.188 15
343 9.194 15 41.110 11
344 168.16 8 93.105 16
345 157.188 14 38.37 8
346 129.204 14 183.130 16
347 223.235 10 50.27 13
348 201.17 11 21.72 11
349 72.231 14 246.142 13
350 74.167 12 7.122 16
351 46.112 12 98.140 10
352 69.140 10 46.128 13
353 212.32 8 171.126 8
354 228.27 14 154.194 13
355 156.158 14 202.195 11
356 207.130 13 65.78 9
357 120.175 13 74.135 10
358 104.101 8 143.113 16
359 237.47 8 247.0 10
360 173.114 16 167.120 11
361 170.8 10 204.177 8
362 108.199 11 92.250 11
363 249.151 16 23.73 15
364 92.35 11 211.145 14
365 124.231 12 212.76 8
366 103.77 10 204.160 14
367 76.8 13 171.79 14
368 252.162 8 93.224 8
369 37.164 10 118.205 8
370 79.238 10 34.92 13
371 32.45 15 224.165 11
372 174.5 8 0.208 9
373 78.181 16 141.241 11
374 180.8 16 71.33 14
375 1.122 16 101.188 9
376 72.239 14 194.45 11
377 31.41 10 224.10 8
378 255.124 16 146.95 9
379 55.214 11 200.9 8
380 44.153 12 137.72 11
381 106.235 15 39.76 10
382 4.118 9 155.116 9
383 207.81 13 182.87 12
384 215.200 10 76.178 8
385 64.171 14 239.202 10
386 30.117 9 17.118 13
387 221.164 13 224.11 11
388 39.6 15 128.170 14
389 63.181 11 238.162 8
390 138.124 8 230.42 13
391 32.231 11 54.165 12
392 163.36 15 34.108 13
393 41.186 16 181.30 11
394 223.171 14 32.233 11
395 37.246 9 226.100 11
396 102.166 9 50.108 15
397 175.20 13 228.125 11
398 208.3 16 235.160 8
399 45.24 14 90.89 8
400 220.159 15 120.39 11
401 87.45 14 190.211 13
402 17.197 8 194.241 16
403 235.122 11 47.14 16
404 16.131 16 39.227 15
405 15.225 12 131.84 15
406 133.159 11 182.130 12
407 253.247 10 95.114 15
408 138.53 16 145.90 15
409 107.115 10 29.107 11
410 107.151 9 209.62 10
411 115.216 10 143.192 14
412 7.126 8 85.234 15
413 255.88 16 125.232 8
414 145.159 10 94.20 10
415 173.28 16 96.222 14
416 152.111 14 203.118 9
417 170.183 16 211.126 16
418 246.66 9 105.75 12
419 20.192 12 85.246 11
420 88.28 10 101.147 13
421 55.182 8 248.162 11
422 57.58 10 244.63 15
423 97.186 16 190.61 13
424 101.16 16 232.244 8
425 143.90 14 30.237 11
426 243.24 12 38.227 15
427 151.221 11 81.217 10
428 76.69 14 246.176 14
429 226.125 15 205.56 16
430 208.249 8 9.251 15
431 70.223 11 171.134 16
432 143.143 14 102.69 13
433 40.90 9 39.184 16
434 25.181 8 82.177 14
435 98.58 8 13.148 16
436 224.24 14 182.103 10
437 122.237 15 221.63 12
438 167.182 12 68.35 16
439 208.211 15 199.177 12
440 131.51 14 179.42 9
441 212.122 16 230.110 14
442 150.85 8 174.188 14
443 158.143 16 127.135 16
444 71.248 15 213.104 15
445 11.175 9 164.111 13
446 93.221 12 120.13 10
447 119.94 10 171.101 10
448 1.255 16 236.115 11
449 204.232 10 56.73 14
450 120.93 11 175.97 16
451 234.3 9 244.111 8
452 248.102 13 49.75 9
453 227.138 9 240.114 12
454 7.77 10 159.90 12
455 195.115 13 29.234 14
456 160.107 9 83.162 9
457 247.128 12 132.57 12
458 127.109 11 214.172 8
459 63.154 12 254.154 15
460 1.108 15 123.192 14
461 128.74 10 67.25 16
462 103.237 11 203.72 12
463 18.105 16 206.147 13
464 171.166 9 218.139 9
465 191.58 11 166.116 9
466 124.29 16 242.21 12
467 159.111 8 28.185 15
468 91.42 16 190.234 14
469 90.162 14 60.215 15
470 20.181 9 209.89 15
471 193.172 8 219.186 15
472 26.51 8 133.35 14
473 46.28 9 158.138 12
474 91.98 14 111.105 16
475 191.52 9 254.48 12
476 89.70 8 187.126 15
477 192.230 14 169.180 10
478 74.44 12 171.200 9
479 6.232 15 237.124 13
480 53.35 15 92.47 16
481 145.192 16 174.187 13
482 114.153 14 213.63 15
483 228.173 16 222.207 16
484 109.168 9 204.73 10
485 8.30 11 141.176 8
486 204.206 10 190.229 11
487 100.227 14 159.69 9
488 166.184 16 20.13 9
489 113.195 14 87.2 13
490 226.103 8 141.117 15
491 182.200 13 157.146 14
492 212.33 9 145.95 15
493 50.156 13 173.229 10
494 15.45 13 156.15 8
495 221.112 13 186.86 14
496 94.117 14 136.38 12
497 19.241 15 123.166 8
498 129.175 13 100.112 9
499 36.201 16 103.240 9
500 25.247 11 86.42 11
501 14.190 13 118.159 10
502 195.84 12 152.22 14
503 203.6 11 107.1 16
504 77.196 16 74.83 14
505 54.18 14 53.235 14
506 160.71 11 97.74 14
507 168.248 13 25.190 12
508 30.210 16 207.235 16
509 153.204 14 73.207 11
510 17.140 10 149.171 16
511 124.58 16 105.110 14
512 9.73 16 26.146 8
513 57.132 10 244.154 14
514 25.29 15 142.206 10
515 146.60 12 244.251 10
516 88.96 10 253.222 14
517 253.41 10 227.31 9
518 212.162 8 176.8 10
519 31.45 14 28.189 12
520 52.159 8 189.35 16
521 77.22 10 125.184 11
522 95.24 13 222.36 9
523 73.80 9 97.130 14
524 32.120 14 1.220 14
525 72.194 13 177.217 10
526 69.127 14 120.229 15
527 34.223 11 99.204 11
528 11.122 9 149.174 14
529 228.28 8 254.50 14
530 0.19 12 156.243 16
531 162.185 13 37.78 14
532 138.103 16 54.33 13
533 240.36 11 134.102 12
534 72.227 14 102.83 14
535 220.49 12 137.27 9
536 220.111 14 81.198 16
537 130.178 15 75.181 16
538 168.253 13 209.153 14
539 107.204 15 254.122 11
540 149.228 10 39.41 9
541 205.36 12 47.69 14
542 170.250 13 241.200 9
543 254.197 12 197.164 11
544 243.113 12 109.101 11
545 144.11 8 78.210 8
546 124.89 14 127.96 11
547 88.26 15 97.214 8
548 165.241 13 185.134 8
549 77.55 14 199.92 8
550 66.211 11 181.167 15
551 207.192 15 182.236 10
552 237.163 8 63.135 13
553 8.55 10 225.8 11
554 104.222 10 20.106 8
555 210.242 12 11.149 13
556 172.239 12 121.98 15
557 78.189 10 228.193 16
558 30.213 13 51.187 11
559 1.221 12 187.243 13
560 202.134 9 198.174 16
561 39.170 11 17.14 8
562 98.186 11 247.253 14
563 103.141 13 83.251 16
564 205.80 15 20.20 14
565 121.71 12 226.150 9
566 242.119 14 175.236 11
567 22.70 10 130.133 11
568 152.233 16 81.44 13
569 128.61 9 242.71 12
570 61.88 12 33.98 16
571 228.7 16 196.251 16
572 20.174 16 82.105 11
573 27.108 9 195.242 14
574 45.226 13 35.77 11
575 30.37 11 26.190 13
576 161.177 10 46.154 11
577 115.54 15 28.145 9
578 98.48 13 75.227 11
579 54.159 15 25.42 15
580 184.243 12 174.119 11
581 170.19 14 22.233 10
582 205.162 9 195.253 11
583 193.138 12 231.116 10
584 228.131 11 140.233 11
585 5.230 16 148.72 12
586 194.149 14 138.104 14
587 71.98 10 7.9 12
588 44.134 11 64.188 10
589 207.234 9 127.159 10
590 200.40 11 214.176 8
591 4.118 14 253.189 16
592 100.148 12 255.230 14
593 76.110 9 227.4 13
594 126.145 8 44.83 13
595 202.254 12 175.229 12
596 141.104 11 212.224 15
597 96.241 16 60.117 10
598 141.227 10 60.116 11
599 199.96 11 89.126 13
600 86.208 10 130.114 12
601 52.44 13 252.174 16
602 65.2 10 146.6 16
603 245.105 9 29.249 16
604 67.7 11 202.28 13
605 151.86 13 192.14 16
606 174.154 11 30.63 15
607 99.64 12 237.155 9
608 172.6 12 82.62 9
609 214.139 8 171.135 9
610 249.106 9 191.249 8
611 253.23 9 69.9 16
612 229.251 11 155.171 10
613 253.48 11 35.188 12
614 146.12 13 254.158 11
615 129.170 9 58.30 8
616 7.62 14 155.96 14
617 11.46 13 90.228 9
618 72.190 12 152.198 8
619 154.166 16 29.123 15
620 23.207 11 92.5 14
621 237.12 16 106.228 9
622 198.57 8 172.15 9
623 254.192 14 68.62 14
624 153.127 13 181.113 9
625 43.247 13 215.226 8
626 115.36 16 9.93 9
627 232.198 16 15.241 8
628 219.50 10 96.66 10
629 37.64 9 223.60 9
630 127.155 10 97.147 11
631 105.125 8 187.152 15
632 225.238 11 125.253 13
633 224.209 15 70.206 12
634 94.120 13 10.253 8
635 21.153 11 219.156 12
636 76.108 12 45.97 9
637 132.55 15 106.78 8
638 0.137 16 78.144 9
639 152.222 11 159.195 9
640 230.101 9 95.130 16
641 177.249 14 143.138 8
642 141.151 9 22.73 13
643 114.4 16 194.203 15
644 73.69 11 46.191 12
645 250.143 9 199.244 13
646 201.241 16 153.189 12
647 201.238 9 149.243 8
648 153.46 10 68.22 12
649 44.218 14 14.183 16
650 63.89 14 11.26 12
651 232.217 15 242.13 12
652 198.241 11 132.98 11
653 70.218 12 100.198 11
654 156.248 10 186.213 15
655 122.14 12 229.146 12
656 64.122 8 44.233 10
657 49.203 14 83.87 10
658 171.122 15 190.147 16
659 22.221 16 185.76 14
660 52.128 11 59.227 13
661 91.101 15 2.36 11
662 244.194 11 8.181 10
663 27.137 15 143.94 8
664 238.116 16 215.210 8
665 234.173 16 26.128 11
666 184.148 12 144.12 12
667 180.52 13 174.248 13
668 53.41 8 112.185 11
669 0.67 14 23.142 14
670 24.11 12 202.174 8
671 5.164 10 33.87 15
672 169.194 9 237.195 8
673 125.2 16 43.79 16
674 131.109 16 69.82 8
675 114.176 12 195.13 9
676 16.242 14 214.178 13
677 17.26 15 153.179 16
678 233.169 8 0.182 13
679 197.75 9 77.193 16
680 123.244 10 37.246 13
681 217.170 8 229.196 9
682 120.30 15 14.52 8
683 182.63 16 217.106 15
684 80.219 8 200.54 8
685 126.185 14 198.198 12
686 63.57 15 89.41 11
687 43.156 14 23.10 8
688 48.139 13 31.217 14
689 104.156 8 189.104 16
690 207.249 15 178.32 10
691 32.122 11 200.254 9
692 233.78 10 206.7 14
693 67.65 12 55.39 12
694 251.210 14 183.8 9
695 230.87 15 161.66 11
696 106.5 14 234.116 12
697 177.179 12 113.164 15
698 11.154 16 230.50 8
699 136.192 13 27.84 8
700 134.133 14 184.223 9
701 77.148 9 74.17 11
702 20.44 11 235.146 8
703 79.96 13 68.224 14
704 234.169 10 151.85 16
705 65.157 14 236.91 9
706 214.68 12 247.224 8
707 232.107 8 46.47 14
708 179.34 14 167.11 12
709 158.235 12 79.222 11
710 206.206 15 56.67 10
711 70.156 13 222.254 10
712 255.134 15 158.204 12
713 100.224 15 154.121 16
714 158.225 16 81.244 14
715 58.232 8 82.63 15
716 54.38 15 99.164 13
717 174.250 9 18.255 16
718 35.224 9 234.173 13
719 96.246 15 82.232 15
720 235.253 9 221.85 13
721 56.191 12 135.84 12
722 59.107 15 200.189 16
723 140.170 13 143.191 14
724 94.174 13 45.205 10
725 209.99 13 222.136 14
726 20.203 14 106.0 13
727 210.251 9 226.167 8
728 11.189 10 131.206 14
729 72.215 9 34.43 10
730 250.131 10 3.87 14
731 56.131 16 248.63 16
732 211.18 16 180.118 15
733 152.148 10 143.155 8
734 185.184 15 236.85 14
735 227.175 15 154.73 10
736 116.248 16 59.206 10
737 130.252 15 10.228 16
738 245.106 12 172.176 10
739 212.234 13 168.50 9
740 146.213 15 41.174 16
741 16.156 8 80.35 12
742 75.195 14 174.70 8
743 202.0 13 153.230 12
744 107.151 8 218.240 12
745 125.22 13 41.228 15
746 140.163 11 192.55 15
747 226.185 9 233.60 16
748 211.169 14 178.54 13
749 225.117 8 222.190 16
750 225.160 11 216.207 16
751 148.202 12 138.19 11
752 69.255 11 248.167 16
753 132.149 15 82.34 8
754 105.184 15 103.198 8
755 60.80 15 111.166 8
756 232.139 16 213.84 10
757 39.238 11 207.132 11
758 46.127 13 242.182 11
759 200.7 16 65.67 11
760 9.92 11 1.122 12
761 33.70 13 0.26 8
762 10.200 12 216.75 13
763 243.228 9 70.13 9
764 103.177 13 236.5 12
765 197.101 9 152.187 15
766 100.188 9 6.28 14
767 2.235 8 134.29 12
768 103.173 15 124.51 15
769 38.169 15 164.124 14
770 215.177 15 9.212 13
771 195.113 11 166.183 13
772 205.112 11 134.176 14
773 47.131 12 106.50 15
774 73.136 15 226.118 8
775 162.193 8 176.126 16
776 85.170 12 80.44 8
777 89.114 16 94.48 16
778 17.89 9 187.119 14
779 246.183 9 72.1 11
780 90.137 12 180.33 13
781 0.52 8 6.229 9
782 50.168 16 171.51 12
783 85.112 10 39.106 13
784 167.7 14 125.133 16
785 39.234 9 131.81 15
786 58.66 13 222.85 13
787 46.160 12 47.113 16
788 157.246 12 180.28 13
789 75.175 13 147.60 16
790 114.45 13 124.188 12
791 14.253 12 66.194 13
792 196.128 13 243.33 10
793 14.124 9 252.125 14
794 14.223 10 238.43 9
795 158.63 9 159.125 14
796 14.185 12 193.151 12
797 62.101 16 214.217 9
798 121.28 12 173.253 16
799 118.230 13 67.127 9
800 37.132 14 75.73 12
801 246.184 16 171.97 10
802 24.105 13 26.54 8
803 127.201 8 228.54 12
804 61.205 8 130.147 16
805 137.205 8 81.253 11
806 135.95 14 233.217 12
807 99.95 14 64.200 13
808 140.128 16 202.71 9
809 94.131 9 243.210 9
810 49.174 14 135.110 12
811 235.135 16 247.3 16
812 49.156 10 54.253 8
813 6.117 16 38.41 8
814 86.96 15 5.101 9
815 198.68 14 224.90 8
816 32.154 11 194.132 15
817 200.88 12 155.104 13
818 51.111 14 190.101 15
819 28.216 14 22.227 8
820 195.50 13 94.63 13
821 189.178 14 75.237 11
822 46.29 14 236.223 14
823 148.198 10 213.68 16
824 1.80 16 95.131 12
825 63.142 12 246.255 13
826 235.9 15 73.11 9
827 122.165 15 155.79 14
828 77.69 10 76.60 10
829 163.173 13 52.160 10
830 239.135 14 17.77 12
831 228.248 16 159.99 8
832 187.166 16 38.14 8
833 10.46 11 116.184 15
834 153.88 15 30.156 13
835 184.47 10 223.114 11
836 5.151 14 193.202 14
837 212.44 16 40.170 8
838 232.201 10 6.39 10
839 83.142 14 70.202 15
840 37.211 16 255.164 14
841 154.32 13 209.86 9
842 9.74 11 44.66 15
843 73.1 10 245.230 11
844 89.31 9 231.39 13
845 91.187 16 173.229 11
846 208.119 8 115.27 16
847 25.142 9 21.3 10
848 169.76 16 219.221 8
849 141.161 8 177.47 15
850 13.1 10 122.220 16
851 12.202 11 203.114 10
852 32.105 9 89.240 11
853 130.107 10 68.63 8
854 32.199 11 152.164 12
855 210.232 16 196.178 8
856 144.153 14 137.175 16
857 10.89 9 194.29 10
858 22.248 10 215.63 10
859 77.159 12 163.0 16
860 160.55 15 211.127 12
861 234.136 10 24.144 8
862 10.25 13 159.18 8
863 95.131 15 163.59 11
864 181.17 16 221.160 14
865 96.244 13 9.161 15
866 47.8 13 233.201 10
867 225.80 15 217.17 8
868 139.135 14 38.140 14
869 85.31 10 71.237 12
870 233.251 13 241.254 10
871 82.160 13 197.16 10
872 180.78 11 3.209 14
873 85.253 8 77.134 16
874 19.82 10 155.204 14
875 83.10 10 18.208 15
876 249.248 16 103.59 13
877 251.208 9 162.217 10
878 215.112 10 128.49 11
879 115.117 10 63.41 14
880 64.210 8 172.149 10
881 103.152 13 195.136 15
882 112.53 13 227.13 10
883 114.113 11 140.196 14
884 188.109 10 185.186 9
885 66.47 13 69.28 14
886 50.177 16 135.148 8
887 0.27 15 48.57 15
888 46.14 11 42.233 14
889 181.104 10 179.49 13
890 46.18 16 70.174 16
891 147.210 9 73.171 13
892 209.41 9 229.1 9
893 90.35 15 248.134 10
894 128.252 15 189.19 9
895 89.222 12 253.109 11
896 220.72 16 10.252 16
897 198.165 13 225.157 12
898 161.103 16 175.227 11
899 29.94 10 71.96 11
900 53.252 14 227.142 8
901 96.22 8 221.227 12
902 146.71 16 220.230 13
903 50.189 9 64.159 8
904 178.119 13 148.64 14
905 98.27 10 206.34 14
906 32.207 8 228.105 9
907 199.244 16 219.247 11
908 14.41 14 33.1 10
909 152.23 13 130.252 14
910 186.167 14 29.140 14
911 218.245 8 128.30 13
912 171.70 14 175.216 8
913 72.223 10 96.124 14
914 200.40 13 254.27 14
915 120.171 8 181.139 11
916 38.130 9 205.188 16
917 167.250 9 17.64 9
918 179.91 15 56.89 14
919 162.141 8 158.244 13
920 238.132 15 109.253 9
921 107.202 12 127.105 14
922 32.79 13 205.81 9
923 140.76 13 238.228 11
924 105.121 16 177.173 14
925 5.137 12 153.82 9
926 120.198 15 176.194 11
927 187.175 10 236.91 15
928 213.234 12 129.2 15
929 184.54 10 102.61 15
930 142.8 11 91.165 15
931 103.186 11 88.57 14
932 184.203 13 155.5 9
933 159.17 15 19.229 13
934 187.194 12 123.36 10
935 163.187 11 86.73 15
936 120.85 10 186.132 15
937 161.180 12 0.15 13
938 107.245 11 158.223 10
939 115.246 9 183.100 10
940 223.224 12 42.134 8
941 218.143 15 63.39 10
942 240.36 10 228.78 12
943 140.173 13 44.246 12
944 172.224 11 40.1 11
945 28.23 13 52.64 15
946 244.228 11 255.105 8
947 92.88 8 115.17 9
948 92.229 12 138.133 11
949 123.182 11 44.228 9
950 32.39 15 237.212 9
951 153.188 15 216.70 8
952 237.9 10 217.9 8
953 237.67 9 150.170 16
954 16.12 15 91.62 13
955 117.137 11 103.242 16
956 195.220 9 218.182 15
957 246.26 16 109.164 9
958 158.234 11 49.178 14
959 27.155 13 153.183 9
960 177.17 16 40.171 13
961 126.44 15 36.178 16
962 188.88 16 205.205 13
963 212.88 10 254.251 10
964 197.92 10 236.190 11
965 51.146 13 188.0 14
966 224.44 11 50.20 15
967 95.147 14 29.180 10
968 70.49 14 137.197 8
969 103.43 13 126.6 10
970 223.157 9 170.17 12
971 67.96 12 27.175 12
972 1.133 11 153.31 13
973 191.46 14 96.193 10
974 60.124 15 146.49 8
975 221.9 15 242.240 10
976 124.187 12 59.130 15
977 246.173 10 124.41 10
978 165.214 16 28.15 13
979 238.178 14 122.37 13
980 188.7 11 208.29 10
981 215.170 12 107.73 16
982 197.92 16 113.156 11
983 51.212 16 150.172 11
984 254.183 8 104.186 15
985 8.145 12 73.248 8
986 68.100 15 177.155 14
987 51.202 14 190.210 8
988 119.144 8 190.41 10
989 89.183 16 255.2 12
990 127.175 16 33.155 9
991 24.183 9 154.35 14
992 197.233 13 106.135 8
993 228.61 16 58.111 15
994 136.187 16 236.98 8
995 184.46 8 203.192 13
996 19.39 10 227.224 12
997 35.180 11 123.91 13
998 206.102 8 120.187 15
999 12.176 16 169.163 8
1000 56.21 12 47.23 14